4.97610000 2.36510000
3.20610000 1.43540000
0.64200000 3.47620000
3.06010000 7.95090000
8.65870000 9.37910000
4.88160000 2.43600000
4.42210000 8.78320000
2.95900000 9.59530000
9.57410000 3.81260000
2.72330000 8.83700000
5.59920000 5.40570000
0.40700000 3.15500000
0.55790000 6.12070000
0.80810000 9.22390000
1.23450000 6.10510000
8.67430000 4.06650000
5.93950000 5.58980000
3.39380000 9.19630000
0.88240000 2.26910000
2.29380000 1.96970000
4.92680000 8.44730000
5.03730000 7.33960000
6.84420000 6.04380000
5.61030000 6.85810000
1.34370000 7.84290000
3.75100000 4.88430000
5.74470000 4.90570000
6.42210000 6.99250000
4.74900000 6.79240000
9.49420000 8.90850000
7.64150000 5.42200000
0.60210000 8.87080000
9.50770000 9.33840000
6.57430000 0.73970000
8.16370000 3.57730000
2.95370000 5.42950000
5.80750000 4.01880000
7.69480000 6.84530000
5.23080000 3.42630000
5.96880000 8.92050000
4.00470000 2.03730000
5.58990000 8.25270000
5.82560000 4.88100000
6.84320000 6.76750000
5.69070000 5.38640000
3.92820000 1.14920000
2.19010000 9.70880000
9.82190000 8.80700000
3.12420000 7.76970000
6.24770000 0.14910000
5.24860000 4.74580000
4.89280000 1.20320000
8.29600000 1.59900000
7.21750000 6.47180000
7.30250000 7.18900000
3.73990000 3.18440000
6.49720000 4.61750000
8.07090000 3.93540000
2.95400000 6.98930000
5.08550000 2.58310000
5.08460000 6.49730000
9.78280000 5.05510000
8.14070000 0.70830000
7.70410000 8.44310000
3.70970000 5.09500000
2.39120000 2.62120000
2.24610000 6.72080000
1.40880000 5.59250000
6.25760000 9.47530000
4.65500000 2.18250000
9.66370000 8.11220000
2.61130000 1.97850000
2.42280000 2.08630000
9.39040000 2.50610000
8.56670000 3.94600000
7.57320000 2.03650000
2.92750000 3.80450000
2.76680000 9.52390000
8.40090000 8.45540000
7.05090000 1.87300000
7.14980000 0.44450000
8.91840000 5.47520000
2.48730000 0.14390000
8.03310000 8.71550000
1.06210000 4.85240000
9.88850000 8.10120000
9.08980000 7.15910000
3.67870000 5.67790000
6.82230000 9.16240000
6.45900000 6.65810000
2.94300000 1.99840000
7.48940000 9.77510000
1.87530000 4.66630000
3.70340000 4.18300000
8.36400000 3.14370000
8.77760000 2.99330000
7.58790000 4.70920000
1.39500000 9.25880000
7.83880000 1.31420000
5.22040000 4.20870000
3.85320000 5.85150000
0.14460000 1.22550000
8.00030000 3.64840000
9.29150000 4.79330000
0.68630000 3.09380000
3.22380000 6.40420000
0.72670000 4.76800000
0.67920000 1.73010000
7.84610000 1.67070000
8.38340000 5.46710000
2.11050000 2.77680000
9.44970000 4.34420000
0.46850000 2.92950000
5.28590000 6.44850000
2.08970000 9.87520000
8.92290000 2.70270000
7.99170000 7.96400000
0.55040000 6.32730000
5.95420000 5.12590000
1.52160000 4.58030000
8.94410000 2.97100000
6.58510000 1.77610000
3.81190000 2.66220000
3.07770000 8.14430000
0.31560000 7.02790000
8.95290000 6.47820000
9.63040000 6.41470000
3.67100000 6.36670000
8.58490000 3.46580000
0.34870000 1.12700000
3.80780000 4.22270000
0.76070000 9.63940000
8.96780000 3.20550000
0.33360000 3.80510000
4.90700000 9.97770000
8.41480000 5.11850000
6.28770000 5.58770000
0.23240000 7.38460000
7.67330000 6.90500000
1.81230000 4.16960000
1.87130000 2.13180000
0.45150000 6.88640000
6.08390000 6.51130000
6.86500000 2.42960000
6.71070000 5.65380000
5.79700000 2.53010000
6.04160000 8.01600000
1.27190000 5.77180000
5.79820000 2.84480000
7.71810000 7.25960000
3.66470000 5.27420000
7.63090000 0.80320000
3.70440000 9.80460000
3.39320000 7.87820000
1.69420000 6.66740000
4.68320000 9.08760000
5.75540000 5.24590000
5.53090000 7.06310000
7.46150000 8.00140000
9.90000000 9.61900000
8.38840000 3.25530000
2.38280000 6.76550000
7.59570000 3.98340000
8.13550000 6.01750000
6.14210000 1.73790000
9.59570000 6.03210000
2.48490000 6.56610000
1.88430000 6.03090000
8.92120000 5.97820000
8.40690000 1.91370000
2.90080000 1.19200000
4.16910000 9.67300000
3.73570000 3.18040000
7.08350000 6.65420000
3.80680000 9.86150000
9.03490000 8.72950000
1.59810000 3.87620000
7.86450000 2.54750000
2.27900000 2.03110000
1.64670000 2.79740000
4.13060000 2.84520000
7.48330000 8.39160000
7.08040000 6.19280000
1.77110000 4.54270000
2.19660000 9.78640000
8.10700000 0.59420000
4.76960000 2.06560000
6.22280000 3.90630000
0.93840000 8.22460000
8.47680000 0.99890000
5.43220000 5.28330000
4.67810000 9.78450000
9.01360000 7.17230000
7.87960000 9.58110000
1.87570000 7.47770000
5.18990000 2.36800000
7.60200000 5.30680000
3.67870000 4.78770000
5.89210000 1.02130000
8.44210000 2.62570000
6.11610000 0.64250000
6.65050000 4.95230000
2.99510000 9.61940000
8.85830000 0.61330000
3.23510000 9.49420000
3.26870000 6.69220000
8.78270000 0.39550000
5.86720000 0.87090000
6.47620000 4.00780000
7.97420000 8.11930000
6.10990000 0.33510000
7.10050000 7.76400000
5.96100000 9.54430000
9.86240000 1.46830000
3.50530000 3.94420000
9.86340000 8.83680000
1.70630000 0.38730000
2.61050000 8.34780000
4.76980000 5.19070000
1.49270000 6.42140000
3.09620000 6.43630000
9.41780000 2.05960000
9.40150000 5.85130000
2.63280000 6.00500000
5.68130000 1.02490000
2.35680000 1.90640000
4.40670000 0.76170000
5.99760000 6.15070000
4.65360000 5.26970000
2.47280000 7.49350000
5.32890000 4.23510000
2.94610000 3.19220000
3.47100000 0.20440000
2.82180000 7.77760000
7.71480000 8.88380000
2.15490000 8.88640000
8.61950000 8.87860000
2.43810000 7.56230000
8.71780000 6.10310000
4.32250000 1.16130000
3.12630000 4.34450000
7.76400000 5.07390000
8.54130000 2.01070000
1.11000000 9.31920000
1.70460000 8.51750000
2.00910000 6.53070000
7.47920000 2.75770000
9.32700000 5.07030000
4.28370000 8.29190000
4.39870000 5.59060000
8.45850000 6.19490000
4.93900000 1.46100000
8.11130000 0.50660000
8.45150000 4.93010000
3.20340000 0.04600000
1.65330000 6.19020000
4.37780000 6.99140000
4.67990000 6.64990000
8.41850000 9.33460000
6.68490000 1.26650000
9.83910000 4.52750000
2.90390000 4.74580000
4.37860000 5.98640000
9.27670000 9.68710000
5.33280000 5.20170000
4.82100000 5.34620000
3.73810000 2.69050000
0.95730000 8.20570000
9.83380000 6.90750000
8.43940000 0.03820000
9.41220000 4.91920000
8.14090000 3.24760000
0.75210000 2.41280000
1.98960000 1.55410000
3.57350000 4.16230000
2.64750000 1.16860000
8.68310000 3.44290000
6.45790000 4.52110000
7.93500000 5.02900000
4.92810000 6.61210000
9.51500000 0.22100000
3.61610000 8.38550000
8.79240000 7.86360000
2.94630000 0.60700000
8.33090000 2.96450000
0.02520000 1.85410000
7.02050000 5.50170000
4.60950000 1.57400000
5.94220000 0.22630000
6.71430000 3.48610000
7.55200000 4.68820000
9.27890000 5.61330000
1.05200000 0.76000000
0.39960000 6.53980000
2.61120000 0.81160000
2.70140000 0.59050000
3.22880000 9.51860000
7.09190000 3.21380000
6.74890000 4.11920000
2.26920000 7.39330000
4.38990000 6.31230000
5.84510000 1.59760000
1.40080000 8.85810000
4.77220000 2.91810000
0.61410000 2.22090000
7.04380000 0.25800000
1.76770000 8.91870000
8.61260000 5.64210000
8.60050000 0.42580000
9.57150000 7.06240000
5.20470000 9.36890000
0.66450000 7.80000000
9.09830000 1.12890000
4.05000000 9.24860000
9.57330000 3.90930000
4.67310000 6.44380000
6.95090000 6.45920000
0.32320000 5.67090000
7.24470000 1.51930000
1.32660000 5.48960000
6.19380000 1.56350000
5.15780000 6.64960000
8.18110000 7.86570000
5.20830000 5.34040000
2.44770000 3.80310000
6.86510000 6.37950000
0.32880000 0.83310000
4.23010000 7.53100000
3.52890000 7.42660000
7.33900000 0.72030000
6.57010000 6.78230000
3.22270000 9.53180000
8.88890000 2.86770000
2.43330000 1.86700000
4.85880000 7.03420000
3.34140000 9.72570000
3.76510000 2.34600000
6.34740000 1.46030000
6.54190000 4.24740000
7.89260000 9.35830000
2.72120000 2.95460000
3.33450000 1.58020000
7.79170000 1.84550000
8.80370000 2.57430000
4.88570000 3.45610000
9.49220000 8.65020000
5.24570000 0.91520000
2.39640000 4.28150000
2.33680000 7.41020000
2.76300000 0.59130000
9.82180000 3.54660000
1.25810000 6.33220000
5.41120000 7.75640000
6.82230000 5.23600000
7.62140000 2.25050000
1.69380000 0.36100000
0.60640000 9.32930000
4.33410000 8.86390000
5.67620000 5.49550000
8.30590000 2.84220000
6.12590000 9.88830000
1.61510000 0.88990000
3.00040000 2.32730000
8.88830000 8.39950000
9.11100000 6.99170000
7.47940000 1.67160000
7.80250000 5.07990000
2.42570000 5.98420000
3.61710000 5.60510000
3.27650000 5.00380000
9.65360000 1.93540000
0.70320000 3.31500000
9.24300000 1.61620000
4.20230000 7.41640000
7.57950000 2.00980000
4.57700000 9.44840000
0.39030000 2.27600000
0.23340000 8.55990000
0.57670000 7.96190000
1.09530000 0.78070000
7.09950000 8.11210000
9.21370000 0.99460000
4.48330000 2.72700000
1.06290000 5.25600000
0.47540000 9.90190000
5.47950000 1.40400000
4.88270000 3.14900000
2.53160000 7.09440000
2.58380000 5.07870000
1.60880000 6.45520000
2.83270000 8.69930000
9.53920000 5.57490000
2.25670000 1.34960000
3.12510000 6.42950000
3.76430000 5.23150000
7.16940000 4.55360000
8.74010000 9.14960000
4.84940000 9.29740000
1.11810000 6.98770000
5.21500000 9.76890000
3.07310000 2.58130000
1.15840000 3.90300000
9.42480000 9.39220000
8.95930000 9.42040000
5.99600000 5.21340000
1.84390000 3.04360000
6.87180000 7.89680000
1.63650000 4.53310000
2.07330000 5.35730000
5.27520000 6.27720000
3.96350000 1.01640000
2.00010000 6.02550000
7.01690000 0.94690000
6.68390000 3.97190000
3.90670000 8.71300000
9.56760000 5.77560000
9.73330000 4.04540000
3.02060000 6.90280000
3.59690000 6.72680000
4.23210000 6.00660000
8.80080000 2.91340000
0.43080000 9.84250000
1.79290000 1.80970000
2.81990000 4.13430000
9.79580000 1.22880000
7.15810000 6.46070000
4.52800000 9.68860000
0.82310000 3.89670000
1.76530000 5.05040000
8.07090000 4.60890000
4.85580000 7.49340000
7.90100000 3.16840000
2.82670000 1.37040000
8.44100000 4.33660000
0.42070000 0.34120000
2.67330000 9.71660000
0.87570000 1.10890000
8.61350000 3.52830000
3.92750000 5.15580000
5.59810000 3.58040000
3.14140000 1.13520000
7.94160000 2.03110000
0.18070000 2.09240000
5.94690000 6.03750000
2.11620000 4.54680000
7.14660000 3.40610000
1.44680000 0.16620000
3.79520000 4.50470000
6.78740000 4.99200000
7.74640000 4.98940000
6.80610000 6.38560000
8.24850000 1.36870000
2.96610000 9.30910000
2.14060000 8.03170000
7.38560000 3.52390000
0.14560000 5.23100000
2.52380000 2.93360000
0.76930000 6.25170000
8.80610000 5.98930000
3.73840000 8.85870000
6.09260000 6.63360000
5.68560000 4.24180000
5.08540000 1.19490000
6.70690000 6.98560000
2.13100000 9.93780000
1.19310000 2.66410000
5.65070000 5.61960000
2.15220000 1.26910000
2.09520000 8.76680000
2.46260000 8.93090000
1.52040000 2.71660000
5.21290000 4.07430000
0.03990000 7.29480000
7.52490000 8.61730000
8.92900000 8.41980000
4.76950000 6.70600000
6.53580000 6.82110000
8.84620000 9.98770000
7.32500000 3.55530000
2.02430000 3.85600000
7.72690000 9.21650000
0.76830000 8.91860000
6.40770000 8.08180000
1.16780000 2.75590000
0.86250000 7.03080000
3.30530000 6.84240000
4.68740000 6.86010000
9.97910000 4.11720000
7.78270000 3.96050000
5.84110000 3.89700000
4.30380000 9.60220000
5.92190000 4.07290000
6.54630000 1.51340000
2.06020000 1.10910000
3.07490000 8.38830000
8.04540000 2.71170000
8.17010000 3.39240000
6.37310000 3.96790000
7.21250000 3.87350000
0.73370000 4.99250000
1.68390000 7.73840000
0.02080000 6.74140000
0.49950000 0.50080000
0.37130000 8.14180000
7.48990000 2.30630000
1.36330000 6.75860000
1.79250000 9.33660000
7.61600000 3.79770000
3.94740000 0.40290000
1.68610000 5.78640000
4.54640000 9.98770000
9.46520000 4.82080000
3.44340000 2.55600000
3.95080000 3.25350000
7.30630000 5.97420000
5.03220000 7.24450000
3.24510000 0.81210000
7.64840000 4.62510000
2.05820000 0.27000000
3.86310000 7.95220000
5.95830000 5.76110000
5.97560000 3.23310000
3.98630000 7.19100000
8.23520000 4.61580000
5.58610000 6.79920000
4.63470000 4.23210000
3.91370000 1.99990000
7.39800000 0.73150000
4.13840000 5.00670000
0.04960000 2.11390000
2.57620000 6.03890000
3.87600000 2.63840000
9.50150000 3.16910000
9.48440000 2.97990000
9.21900000 5.92480000
3.55520000 0.28930000
2.44250000 8.68550000
5.41310000 7.21890000
5.07300000 4.66970000
8.78240000 4.90310000
5.52570000 0.78160000
7.85020000 0.78300000
0.83580000 3.57350000
4.39860000 0.79210000
0.30340000 6.89220000
7.01720000 9.40660000
8.96920000 7.41190000
1.68090000 7.78580000
6.55020000 2.11560000
4.90210000 7.74730000
9.29290000 4.03260000
4.31560000 8.48440000
2.59230000 1.43700000
1.86220000 1.13550000
4.32540000 8.65040000
9.83520000 4.29210000
7.99200000 6.27820000
2.66290000 2.88060000
3.75080000 6.03280000
8.12620000 1.83570000
3.73750000 1.19420000
9.20670000 7.06000000
6.25610000 4.44030000
9.13270000 9.65110000
2.21400000 2.08120000
7.54950000 5.65110000
2.94010000 6.40630000
0.48240000 7.16640000
6.10890000 6.14750000
0.68070000 6.92250000
2.93940000 1.72490000
9.30470000 9.01840000
3.49650000 0.21730000
3.13130000 7.82410000
8.72500000 3.31910000
9.11000000 9.80750000
8.79790000 3.06700000
1.27170000 7.15970000
7.88680000 0.83430000
2.53650000 6.51720000
4.02310000 9.99990000
6.24560000 4.26940000
5.66070000 9.16590000
3.43000000 9.63990000
6.45380000 2.70090000
9.77540000 8.36640000
6.07490000 1.91110000
8.56410000 7.12620000
5.43230000 8.55660000
6.46720000 4.17030000
3.70200000 0.10630000
1.40220000 4.10860000
6.90870000 3.49750000
9.34500000 1.47850000
2.31310000 2.43530000
5.87970000 4.28330000
9.35070000 0.74720000
5.45240000 0.32950000
1.83250000 4.05470000
9.85030000 3.79080000
0.04470000 6.80530000
9.20600000 4.06430000
1.10550000 2.48540000
4.81490000 4.08700000
6.50270000 7.77070000
3.69590000 3.95890000
5.75860000 7.11400000
6.77990000 2.07770000
3.07130000 1.20990000
0.54840000 9.36650000
2.44490000 4.00940000
5.16410000 2.42520000
3.56000000 8.57210000
1.57450000 5.69460000
6.39690000 8.35890000
5.15540000 5.39570000
1.06270000 4.89500000
8.64470000 2.30380000
0.02700000 2.07940000
8.54040000 4.53250000
5.39020000 9.83040000
4.26200000 7.53870000
8.78470000 3.47110000
8.04640000 7.91840000
1.97130000 1.40430000
6.97210000 6.01780000
6.54850000 1.25640000
5.66510000 1.41670000
6.58160000 2.61330000
8.35280000 1.94380000
3.75480000 8.35950000
4.88090000 0.31970000
8.92120000 3.81830000
1.12110000 7.44450000
1.45530000 4.91120000
2.22470000 5.16630000
0.76610000 6.28140000
4.45710000 2.59720000
1.40480000 6.90160000
6.30730000 2.23000000
3.07380000 6.60040000
0.60050000 6.37710000
6.17070000 3.82100000
4.31160000 4.95420000
2.93170000 1.48850000
1.74780000 0.51760000
1.26520000 1.22480000
9.31820000 2.31590000
0.59950000 9.44850000
3.50460000 0.26080000
0.35790000 6.07850000
2.73770000 5.84490000
4.50300000 0.30030000
2.73150000 8.87660000
2.76710000 5.61670000
3.03930000 4.33650000
4.20130000 9.22160000
8.26980000 1.18670000
4.86610000 2.75730000
6.17730000 6.40210000
3.15360000 8.69880000
3.14120000 9.42450000
1.26580000 5.17920000
6.30940000 0.21570000
4.20840000 1.39120000
0.81340000 9.42210000
5.38540000 1.15270000
0.43150000 9.17730000
0.56340000 6.44860000
5.68630000 6.98620000
1.86690000 6.35750000
3.06220000 2.01750000
2.52420000 3.48350000
6.61680000 0.02970000
6.52500000 0.33070000
5.09060000 0.74960000
2.50130000 0.50790000
4.51180000 3.55500000
0.42480000 3.66350000
9.10690000 4.00110000
6.95300000 0.97760000
8.38560000 8.39100000
8.23280000 5.22460000
4.08110000 4.13890000
8.17520000 6.96630000
3.71980000 0.05600000
2.04750000 0.21490000
6.32800000 9.74160000
4.41600000 3.60450000
7.77060000 8.48130000
0.12730000 1.77060000
9.91860000 4.43530000
2.37210000 4.24960000
3.61560000 7.30910000
3.11380000 9.12480000
3.08060000 1.73660000
0.64930000 9.30050000
6.26260000 5.98270000
5.30960000 4.92990000
0.44050000 4.71350000
8.56520000 0.61060000
0.02190000 2.04200000
1.63780000 0.84780000
1.52890000 6.39240000
1.47930000 1.86650000
5.15100000 1.91520000
4.45160000 6.14070000
2.81690000 6.78150000
8.40970000 0.68710000
0.40040000 8.38050000
3.37000000 6.79470000
6.64470000 8.90110000
3.92240000 0.56350000
9.52870000 3.05320000
9.80580000 0.83480000
7.65440000 4.08010000
9.77200000 9.27710000
2.53770000 4.47840000
4.94300000 9.33560000
9.40000000 1.87470000
8.15600000 7.02060000
3.85790000 4.92290000
3.15170000 1.54360000
0.19930000 0.21200000
3.62970000 2.03170000
1.47650000 8.75140000
8.53720000 9.72400000
1.24680000 5.04880000
5.28320000 4.79550000
7.02130000 2.92100000
9.74620000 0.12020000
7.65970000 6.06870000
1.50100000 0.74500000
0.32170000 9.70720000
4.32620000 7.11850000
1.71980000 8.29360000
3.72030000 4.58310000
0.34730000 3.16700000
1.73080000 9.98390000
0.13120000 0.44340000
9.38000000 7.20410000
4.90730000 9.23020000
3.12020000 8.36490000
3.18710000 9.61270000
2.31420000 2.50830000
3.88370000 4.83530000
8.43230000 3.99410000
0.48820000 6.92350000
1.66190000 0.78200000
1.61840000 6.43420000
2.43660000 6.06850000
1.07070000 4.63830000
0.83860000 9.49740000
4.77880000 7.11070000
2.70540000 7.57450000
3.80250000 3.96980000
3.67260000 5.04990000
2.43000000 3.09440000
3.00890000 3.50340000
4.09420000 6.85920000
1.49560000 5.15670000
0.81830000 3.37320000
8.92370000 3.09480000
7.16700000 6.07570000
6.25730000 3.56070000
2.41610000 0.01670000
4.54940000 4.83430000
4.68420000 3.32440000
3.75380000 4.31780000
8.25580000 4.94730000
5.41780000 6.50770000
0.51020000 3.52740000
9.69330000 1.30620000
6.09170000 1.13630000
6.01870000 2.85860000
9.87290000 3.86030000
2.46980000 4.61010000
4.16060000 6.30130000
2.56070000 4.49240000
9.34310000 2.50790000
9.85770000 7.18080000
7.14020000 4.24950000
9.54180000 4.28100000
1.52130000 4.39830000
0.54350000 0.30360000
8.95010000 4.14210000
1.29600000 2.69980000
0.06460000 1.93510000
4.94990000 9.40770000
9.17300000 8.08200000
8.49220000 8.52970000
3.41830000 5.77940000
0.43820000 6.61740000
2.93880000 5.74410000
0.20770000 7.69030000
2.42000000 3.11740000
3.84040000 2.64890000
1.10640000 6.14960000
0.59460000 5.35380000
5.27220000 5.39400000
5.98270000 2.19450000
8.44890000 2.56200000
8.37900000 4.90620000
3.93000000 0.86760000
0.06170000 1.80620000
1.46220000 1.36480000
9.94510000 5.62690000
0.02820000 2.86590000
8.57180000 6.12940000
0.71680000 8.94330000
5.69910000 8.57230000
0.61460000 8.84360000
3.92220000 1.87440000
9.42150000 8.48940000
7.55480000 9.70530000
5.00730000 4.29810000
0.11410000 9.44210000
0.29610000 5.87490000
0.18400000 0.92850000
8.56970000 7.82160000
8.70880000 1.92170000
3.47580000 2.05680000
5.30850000 1.16180000
5.43850000 9.54060000
9.48150000 3.78740000
2.84550000 0.61300000
2.72750000 9.77200000
6.03730000 7.97620000
9.36710000 4.16090000
0.18300000 7.58720000
2.15960000 3.26900000
0.76560000 0.90220000
4.44270000 9.91790000
7.44270000 8.02410000
8.03940000 6.33530000
1.21880000 4.04980000
5.23910000 6.71340000
5.05610000 4.70870000
6.03500000 8.57580000
9.51680000 1.98230000
1.88340000 0.02290000
3.01330000 1.37290000
4.28410000 6.51990000
3.59860000 5.16900000
2.67580000 5.80870000
6.32750000 1.80530000
7.89000000 8.90450000
2.35050000 0.64570000
2.60120000 9.42520000
0.34470000 6.68890000
8.68040000 1.86530000
1.72350000 9.92030000
3.52870000 0.18840000
1.54440000 0.03370000
1.39950000 9.64570000
9.63040000 2.54410000
6.78740000 4.44740000
3.76820000 1.68590000
6.34950000 3.75460000
5.51540000 6.61040000
7.97850000 9.76010000
0.49270000 3.08880000
4.42720000 3.86310000
5.70500000 9.51360000
1.37700000 3.73390000
8.21970000 7.09850000
4.32780000 7.34150000
3.26970000 8.45280000
1.22590000 4.57300000
5.58260000 6.96100000
0.89600000 2.31560000
4.10720000 2.69230000
0.60220000 1.95820000
8.44310000 5.87920000
8.31370000 6.58740000
5.68220000 4.35810000
3.25950000 7.21730000
8.62710000 9.35480000
0.04880000 4.46550000
2.16110000 7.06280000
3.05210000 5.59900000
5.64550000 2.65800000
0.12450000 8.73670000
5.50660000 6.59390000
9.71430000 6.61400000
2.63600000 2.84710000
7.90440000 9.38160000
2.33960000 8.30500000
1.81860000 3.42400000
2.63310000 5.32990000
5.32610000 1.34900000
4.70660000 9.87860000
7.99950000 0.37980000
5.40800000 0.67570000
2.66350000 4.81330000
1.32430000 9.36090000
6.09650000 7.23460000
3.17990000 7.82060000
4.11130000 2.05130000
5.06640000 8.11330000
0.76960000 5.74400000
1.36810000 7.43570000
3.24770000 2.52630000
0.58630000 7.49060000
3.66860000 2.89170000
7.77220000 3.77840000
3.83820000 6.94630000
8.57080000 4.80640000
9.28120000 9.81420000
2.00210000 6.32270000
4.02820000 7.95780000
0.86610000 1.91580000
9.80890000 2.84880000
9.42290000 4.95960000
9.06840000 7.56280000
9.30930000 7.78190000
1.91580000 2.07690000
2.12200000 8.36420000
5.76580000 8.99690000
2.95460000 6.41810000
1.75540000 6.61090000
0.78180000 1.34480000
0.66650000 4.67040000
2.78530000 8.77310000
8.91820000 0.58200000
0.53320000 5.85520000
3.77260000 4.13730000
2.39590000 1.93240000
4.00890000 1.97090000
3.18320000 9.55590000
9.74950000 8.36050000
1.60670000 5.90130000
2.82350000 0.43600000
0.89320000 0.53950000
9.02410000 5.44620000
9.27820000 9.45940000
3.16360000 4.99070000
8.65790000 9.25760000
1.21000000 0.48760000
9.64650000 5.30940000
6.68260000 1.34690000
6.99460000 4.17490000
9.66140000 2.02740000
4.33360000 6.23380000
0.34890000 9.88230000
7.36470000 3.65010000
1.50960000 5.02350000
5.58660000 7.46190000
6.80440000 2.57570000
1.68840000 7.91210000
1.75980000 6.13150000
8.23140000 9.48260000
7.40650000 6.32740000
9.83400000 7.43280000
3.99630000 3.37250000
7.40010000 3.97100000
7.32560000 7.17950000
9.70130000 0.08350000
7.23660000 0.69490000
9.60570000 9.89360000
2.11620000 5.68370000
9.18950000 2.86390000
5.80720000 1.56150000
7.71630000 8.24740000
0.98360000 7.43490000
3.39640000 6.37180000
9.48940000 2.47040000
8.34090000 7.23200000
5.08270000 0.50520000
8.53830000 2.88480000
8.53290000 9.48450000
1.44850000 9.16610000
0.22670000 6.40250000
2.42230000 6.77910000
6.90210000 4.66730000
6.34730000 6.67180000
2.46920000 1.81220000
8.32850000 9.35710000
4.68460000 4.07220000
8.18400000 6.68990000
4.68730000 7.29540000
8.08330000 5.18830000
8.88940000 6.60240000
4.82720000 3.78850000
7.87860000 8.54630000
2.10390000 0.69140000
5.88800000 2.89620000
6.38140000 5.48730000
0.29950000 3.39590000
4.36900000 9.14370000
9.50330000 8.43270000
8.47700000 6.44780000
4.46370000 4.32470000
1.04010000 5.53940000
0.06610000 2.69340000
9.46010000 8.74060000
3.92460000 7.97420000
6.62560000 8.42120000
9.38080000 4.29980000
3.63960000 5.45870000
