-3.57663015 0.95835517
0.87829085 -3.06296427
3.37575674 -0.23605593
-2.72092832 -2.53730669
0.41413185 2.13052364
1.64941459 1.33566960
0.04549041 0.86800879
0.02797635 -0.06590815
2.57822670 0.45461093
0.53145694 0.78791731
-0.23386889 -0.87281058
1.18032132 3.63265547
3.10687150 0.54782527
0.56021683 -0.08872963
-2.35666086 2.12194699
-2.19067463 2.26851000
-0.31706702 -0.78476841
-1.52930311 -1.95741870
-0.54902242 -3.46639100
3.21510203 -1.78216019
3.79840671 -1.01778004
-0.90560000 0.00000000
-0.42760208 0.77141458
-2.03907080 2.60989162
-2.75706730 2.48247456
0.00269067 0.01698824
1.68727973 -1.87391400
0.26484820 1.50202878
0.37713368 -0.88847129
1.42938257 0.22639196
-0.21602184 3.08925635
-3.51641917 1.56561070
-1.04654602 -1.96826677
-1.02050257 0.47586817
-2.44074754 -0.43036963
0.06284959 -3.60065152
-0.13400000 0.23209481
-0.35865464 0.93432729
0.64442638 -0.04506269
-1.50353062 -1.35378504
1.37699275 1.28406651
-3.29570659 1.46734312
-0.55574794 -0.25914952
-1.19407432 2.81306283
-0.25594132 0.11934740
2.08550455 0.29309855
1.77939858 0.18702233
-0.90911147 1.39990891
-0.15393307 -0.08532649
-1.07600000 1.86368667
-2.86247928 -1.39612442
-3.63469310 -0.57567882
0.97899668 0.15505784
-0.85617772 -0.59950209
-2.37452640 1.10725985
0.79581680 2.97002873
0.48626385 -2.28769161
3.30095223 -1.20144838
-2.18766435 -1.47559822
-1.49852075 0.23734238
1.43509649 0.20168966
-0.79250393 -2.95766488
-0.94591846 -0.21838248
0.59869636 0.25413153
-0.35789596 0.30031037
3.72277430 1.06748835
0.03138477 0.09114799
1.29309120 -0.44524702
-0.52989650 1.19016702
2.06044764 1.18960000
0.34390517 1.48961695
-1.01614801 1.45120976
3.39972449 1.73224615
-0.73538901 0.63926392
-1.63196178 0.22935728
1.45160789 -0.07607556
1.28944931 -2.14600406
-2.53452176 -0.13282865
-1.69605014 -0.48633454
2.06780992 -0.21733560
-1.34204750 1.78095719
0.00330847 0.09474225
-2.17664241 -1.15734129
2.47622332 1.37259300
2.66077645 1.53620000
1.08118864 -3.32755655
2.09285896 0.60011765
0.18175408 -1.72927467
3.57075842 1.37068573
-1.37786045 -0.92937860
0.64494909 0.26057635
2.50171130 -2.17470449
0.82290957 -1.84828517
-1.16044543 -0.64324540
-1.77901539 2.27703588
-3.60784878 -0.18907933
0.00998783 -0.04326203
-1.78844507 -0.38014573
-3.36085172 -1.78699654
0.88298300 1.17175802
-0.38183744 1.24893401
-0.76424089 -2.85218578
-1.11509431 0.64380000
0.11276924 -0.00986603
1.28752667 -1.98261723
0.12823993 0.60332144
-0.01641673 -0.47011344
3.22528777 2.17548407
-1.94346343 -0.99024407
-1.11872512 2.76894187
-1.23658105 -2.65185658
-0.97806254 1.39681807
-1.44785222 2.96853698
-0.31920363 -0.07369396
-0.69392111 -0.18593560
3.36991411 0.71629736
1.01418181 -0.03541602
0.18927542 1.34676457
2.86766858 -2.32219226
-0.20484293 3.90863600
0.45742085 1.19162206
0.55159994 -1.43696700
-0.51938213 1.06489119
2.28139517 2.92005265
0.66340550 3.76235954
-0.82045410 0.97777913
0.96584895 -3.87380866
-0.26287016 -1.87041833
-1.22433248 1.62474408
-0.92872547 0.04867244
-3.39673903 -1.30388593
-0.07743468 0.73674182
2.64359190 2.73751954
-0.68982535 -1.54937309
0.70535686 0.24287384
-0.52983841 2.72578236
-1.22165535 0.04266115
0.80128835 2.32711032
-0.02176333 0.62322012
0.46389179 3.30076153
1.40015341 1.44990130
0.04240933 -2.42962990
0.59114313 0.22691859
0.02160608 1.23781145
-2.21576764 1.43893634
2.61505451 2.80430263
-0.01906517 0.04966648
3.20305063 2.08008540
0.66787918 0.14196210
3.16559705 -2.13522220
3.19078991 4.21462098
2.20540402 4.50541825
2.56818005 4.38401481
3.67432789 5.70429251
2.25106724 5.49873848
2.73798464 5.66883822
1.69343934 5.47386805
2.58641558 5.59554383
3.16255431 5.37046815
3.76562207 4.88681860
2.63009871 5.29526475
3.56450093 5.03428196
3.00219233 5.19564386
2.71043520 4.95317628
2.61338425 5.72828093
1.79789183 5.94731056
3.38701979 5.28550056
2.23304790 5.63895000
2.18412057 5.03755911
4.20330179 5.86315107
3.28405373 6.12524789
2.03925401 4.23540402
2.35771887 4.53104842
2.93066244 5.76085913
2.00669089 6.00051586
2.79367824 5.25143375
1.84007174 4.57940521
3.88865504 5.28955141
2.72879388 5.16764509
2.76888215 5.42726785
-4.42332439 5.09662147
-2.92099949 5.25354723
-2.61136319 5.67607649
-3.00155222 5.19854021
-3.01784022 4.94102299
-3.64781215 4.98566308
-2.52776160 4.49602777
-3.45774513 5.67015896
-3.33781528 5.08638716
-2.84132797 5.53642326
-1.79691083 6.07024545
-3.45509500 6.12923304
-4.19834549 5.56252099
-3.42458019 5.52786840
-4.21117849 5.06885002
-3.41615869 5.83697818
-4.44375343 5.42481808
-3.01805801 4.16160759
-1.62103770 5.78148477
-2.16932600 4.30536119
-2.03003756 5.95396771
-4.13252583 5.90383068
-2.69584500 5.26080014
-3.04019902 5.15595098
-1.97675979 5.41364642
-3.42084875 5.36618393
-3.13634895 5.21048085
-3.00269378 5.35047649
-2.96704523 5.19787709
-2.74584828 4.83318373
